
1
(640, 480, 240, 308)
2
(640, 480, 240, 308)
3
(640, 480, 240, 308)
4
(640, 480, 240, 308)
5
(640, 480, 240, 308)
6
(640, 480, 240, 308)
7
(640, 480, 240, 308)
8
(640, 480, 240, 308)
9
(640, 480, 240, 308)
10
(640, 480, 240, 308)
11
(640, 480, 240, 308)
12
(640, 480, 240, 308)
13
(640, 480, 240, 308)
14
(640, 480, 240, 308)
15
(640, 480, 240, 308)
16
(640, 480, 240, 308)
17
(640, 480, 240, 308)
18
(640, 480, 240, 308)
19
(640, 480, 239, 307)
20
(640, 480, 237, 304)
21
(640, 480, 234, 301)
22
(640, 480, 234, 301)
23
(640, 480, 234, 301)
24
(640, 480, 234, 301)
25
(640, 480, 234, 301)
26
(640, 480, 234, 301)
27
(640, 480, 234, 301)
28
(640, 480, 234, 301)
29
(640, 480, 234, 301)
30
(640, 480, 234, 301)
31
(640, 480, 234, 301)
32
(640, 480, 234, 301)
33
(640, 480, 234, 301)
34
(640, 480, 234, 301)
35
(640, 480, 234, 301)
36
(640, 480, 234, 301)
37
(640, 480, 234, 301)
38
(640, 480, 234, 301)
39
(640, 480, 234, 301)
40
(640, 480, 234, 301)
41
(640, 480, 234, 301)
42
(640, 480, 234, 301)
43
(640, 480, 234, 301)
44
(640, 480, 233, 301)
45
(640, 480, 233, 301)
46
(640, 480, 233, 301)
47
(640, 480, 233, 301)
48
(640, 480, 233, 301)
49
(640, 480, 233, 301)
50
(640, 480, 233, 301)
51
(640, 480, 233, 301)
52
(640, 480, 233, 301)
53
(640, 480, 233, 301)
54
(640, 480, 233, 300)
55
(640, 480, 221, 296)
56
(640, 480, 221, 295)
57
(640, 480, 221, 295)
58
(640, 480, 221, 295)
59
(640, 480, 220, 295)
60
(640, 480, 219, 295)
61
(640, 480, 220, 294)
62
(640, 480, 220, 292)
63
(640, 480, 217, 283)
64
(640, 480, 196, 277)
65
(640, 480, 196, 276)
66
(640, 480, 194, 276)
67
(640, 480, 195, 276)
68
(640, 480, 195, 273)
69
(640, 480, 192, 263)
70
(640, 480, 183, 260)
71
(640, 480, 171, 258)
72
(640, 480, 170, 258)
73
(640, 480, 170, 255)
74
(640, 480, 168, 244)
75
(640, 480, 147, 240)
76
(640, 480, 147, 240)
77
(640, 480, 145, 239)
78
(640, 480, 146, 237)
79
(640, 480, 142, 227)
80
(640, 480, 122, 222)
81
(640, 480, 122, 221)
82
(640, 480, 122, 221)
83
(640, 480, 98, 221)
84
(640, 480, 98, 221)
85
(640, 480, 97, 221)
86
(640, 480, 96, 221)
87
(640, 480, 73, 221)
88
(640, 480, 73, 222)
89
(640, 480, 72, 229)
90
(640, 480, 72, 237)
91
(640, 480, 69, 238)
92
(640, 480, 63, 237)
93
(640, 480, 48, 240)
94
(640, 480, 46, 258)
95
(640, 480, 47, 258)
96
(640, 480, 48, 258)
97
(640, 480, 47, 260)
98
(640, 480, 45, 275)
99
(640, 480, 24, 280)
100
(640, 480, 43, 283)
101
(640, 480, 41, 294)
102
(640, 480, 45, 296)
103
(640, 480, 45, 311)
104
(640, 480, 48, 313)
105
(640, 480, 48, 315)
106
(640, 480, 47, 331)
107
(640, 480, 47, 332)
108
(640, 480, 49, 332)
109
(640, 480, 69, 334)
110
(640, 480, 72, 348)
111
(640, 480, 72, 349)
112
(640, 480, 73, 350)
113
(640, 480, 92, 350)
114
(640, 480, 96, 350)
115
(640, 480, 96, 350)
116
(640, 480, 97, 350)
117
(640, 480, 117, 350)
118
(640, 480, 98, 351)
119
(640, 480, 121, 350)
120
(640, 480, 122, 350)
121
(640, 480, 122, 350)
122
(640, 480, 144, 350)
123
(640, 480, 146, 340)
124
(640, 480, 147, 333)
125
(640, 480, 147, 332)
126
(640, 480, 171, 332)
127
(640, 480, 171, 332)
128
(640, 480, 172, 332)
129
(640, 480, 184, 330)
130
(640, 480, 194, 332)
131
(640, 480, 195, 332)
132
(640, 480, 195, 331)
133
(640, 480, 206, 321)
134
(640, 480, 195, 332)
135
(640, 480, 220, 320)
136
(640, 480, 220, 315)
137
(640, 480, 221, 313)
138
(640, 480, 237, 313)
139
(640, 480, 221, 314)
140
(640, 480, 245, 305)
141
(640, 480, 245, 295)
142
(640, 480, 245, 295)
143
(640, 480, 244, 295)
144
(640, 480, 246, 278)
145
(640, 480, 264, 276)
146
(640, 480, 245, 277)
147
(640, 480, 270, 259)
148
(640, 480, 270, 258)
149
(640, 480, 269, 258)
150
(640, 480, 270, 246)
151
(640, 480, 270, 240)
152
(640, 480, 270, 239)
153
(640, 480, 269, 240)
154
(640, 480, 270, 221)
155
(640, 480, 289, 221)
156
(640, 480, 293, 219)
157
(640, 480, 294, 203)
158
(640, 480, 294, 203)
159
(640, 480, 293, 202)
160
(640, 480, 294, 195)
161
(640, 480, 295, 184)
162
(640, 480, 294, 184)
163
(640, 480, 294, 184)
164
(640, 480, 295, 167)
165
(640, 480, 313, 166)
166
(640, 480, 316, 166)
167
(640, 480, 318, 154)
168
(640, 480, 319, 147)
169
(640, 480, 319, 147)
170
(640, 480, 318, 146)
171
(640, 480, 319, 136)
172
(640, 480, 319, 129)
173
(640, 480, 342, 129)
174
(640, 480, 343, 129)
175
(640, 480, 343, 129)
176
(640, 480, 353, 123)
177
(640, 480, 363, 129)
178
(640, 480, 368, 129)
179
(640, 480, 368, 129)
180
(640, 480, 369, 129)
181
(640, 480, 369, 129)
182
(640, 480, 392, 130)
183
(640, 480, 392, 138)
184
(640, 480, 393, 145)
185
(640, 480, 408, 144)
186
(640, 480, 415, 147)
187
(640, 480, 415, 147)
188
(640, 480, 418, 147)
189
(640, 480, 418, 148)
190
(640, 480, 438, 149)
191
(640, 480, 441, 160)
192
(640, 480, 441, 164)
193
(640, 480, 441, 166)
194
(640, 480, 457, 167)
195
(640, 480, 465, 167)
196
(640, 480, 466, 181)
197
(640, 480, 465, 184)
198
(640, 480, 467, 184)
199
(640, 480, 467, 191)
200
(640, 480, 467, 202)
201
(640, 480, 467, 203)
202
(640, 480, 467, 208)
203
(640, 480, 478, 217)
204
(640, 480, 467, 221)
205
(640, 480, 465, 240)
206
(640, 480, 467, 239)
207
(640, 480, 467, 240)
208
(640, 480, 467, 247)
209
(640, 480, 467, 258)
210
(640, 480, 467, 258)
211
(640, 480, 467, 262)
212
(640, 480, 465, 276)
213
(640, 480, 466, 277)
214
(640, 480, 466, 279)
215
(640, 480, 466, 294)
216
(640, 480, 460, 294)
217
(640, 480, 442, 295)
218
(640, 480, 442, 296)
219
(640, 480, 441, 311)
220
(640, 480, 441, 313)
221
(640, 480, 436, 313)
222
(640, 480, 418, 313)
223
(640, 480, 418, 313)
224
(640, 480, 417, 315)
225
(640, 480, 416, 317)
226
(640, 480, 392, 332)
227
(640, 480, 393, 331)
228
(640, 480, 392, 332)
229
(640, 480, 391, 332)
230
(640, 480, 386, 332)
231
(640, 480, 369, 332)
232
(640, 480, 368, 332)
233
(640, 480, 368, 333)
234
(640, 480, 364, 336)
235
(640, 480, 342, 350)
236
(640, 480, 343, 349)
237
(640, 480, 343, 350)
238
(640, 480, 340, 350)
239
(640, 480, 332, 348)
240
(640, 480, 318, 350)
241
(640, 480, 319, 350)
242
(640, 480, 318, 350)
243
(640, 480, 295, 351)
244
(640, 480, 295, 351)
245
(640, 480, 294, 357)
246
(640, 480, 294, 359)
247
(640, 480, 269, 369)
248
(640, 480, 269, 369)
249
(640, 480, 269, 365)
250
(640, 480, 269, 361)
251
(640, 480, 266, 355)
252
(640, 480, 246, 351)
253
(640, 480, 245, 350)
254
(640, 480, 244, 350)
255
(640, 480, 244, 350)
256
(640, 480, 240, 345)
257
(640, 480, 221, 332)
258
(640, 480, 221, 332)
259
(640, 480, 219, 332)
260
(640, 480, 220, 327)
261
(640, 480, 221, 314)
262
(640, 480, 220, 313)
263
(640, 480, 219, 313)
264
(640, 480, 218, 296)
265
(640, 480, 196, 295)
266
(640, 480, 218, 293)
267
(640, 480, 219, 278)
268
(640, 480, 220, 276)
269
(640, 480, 196, 277)
270
(640, 480, 220, 260)
271
(640, 480, 221, 258)
272
(640, 480, 220, 258)
273
(640, 480, 220, 248)
274
(640, 480, 220, 240)
275
(640, 480, 220, 239)
276
(640, 480, 221, 230)
277
(640, 480, 231, 223)
278
(640, 480, 237, 220)
279
(640, 480, 220, 221)
280
(640, 480, 245, 205)
281
(640, 480, 245, 203)
282
(640, 480, 244, 202)
283
(640, 480, 245, 203)
284
(640, 480, 246, 187)
285
(640, 480, 246, 184)
286
(640, 480, 246, 185)
287
(640, 480, 269, 183)
288
(640, 480, 270, 166)
289
(640, 480, 269, 166)
290
(640, 480, 270, 165)
291
(640, 480, 279, 151)
292
(640, 480, 270, 147)
293
(640, 480, 285, 143)
294
(640, 480, 270, 130)
295
(640, 480, 282, 127)
296
(640, 480, 279, 119)
297
(640, 480, 270, 111)
298
(640, 480, 270, 110)
299
(640, 480, 245, 118)
300
(640, 480, 269, 97)
301
(640, 480, 267, 92)
302
(640, 480, 257, 93)
303
(640, 480, 243, 92)
304
(640, 480, 243, 92)
305
(640, 480, 241, 92)
306
(640, 480, 233, 88)
307
(640, 480, 218, 92)
308
(640, 480, 220, 92)
309
(640, 480, 219, 92)
310
(640, 480, 195, 110)
311
(640, 480, 196, 110)
312
(640, 480, 196, 110)
313
(640, 480, 196, 113)
314
(640, 480, 195, 128)
315
(640, 480, 196, 129)
316
(640, 480, 196, 132)
317
(640, 480, 195, 147)
318
(640, 480, 195, 147)
319
(640, 480, 194, 154)
320
(640, 480, 191, 165)
321
(640, 480, 172, 166)
322
(640, 480, 171, 184)
323
(640, 480, 171, 184)
324
(640, 480, 172, 185)
325
(640, 480, 171, 201)
326
(640, 480, 171, 203)
327
(640, 480, 171, 206)
328
(640, 480, 170, 221)
329
(640, 480, 171, 221)
330
(640, 480, 171, 228)
331
(640, 480, 170, 239)
332
(640, 480, 171, 240)
333
(640, 480, 169, 245)
334
(640, 480, 167, 257)
335
(640, 480, 169, 258)
336
(640, 480, 168, 268)
337
(640, 480, 169, 276)
338
(640, 480, 171, 276)
339
(640, 480, 171, 284)
340
(640, 480, 170, 294)
341
(640, 480, 172, 295)
342
(640, 480, 172, 296)
343
(640, 480, 194, 309)
344
(640, 480, 195, 313)
345
(640, 480, 194, 313)
346
(640, 480, 196, 313)
347
(640, 480, 218, 314)
348
(640, 480, 220, 315)
349
(640, 480, 221, 317)
350
(640, 480, 235, 318)
351
(640, 480, 244, 320)
352
(640, 480, 245, 326)
353
(640, 480, 244, 332)
354
(640, 480, 245, 332)
355
(640, 480, 269, 330)
356
(640, 480, 270, 331)
357
(640, 480, 284, 327)
358
(640, 480, 270, 332)
359
(640, 480, 293, 332)
360
(640, 480, 294, 332)
361
(640, 480, 312, 332)
362
(640, 480, 319, 332)
363
(640, 480, 319, 332)
364
(640, 480, 319, 332)
365
(640, 480, 342, 336)
366
(640, 480, 343, 346)
367
(640, 480, 344, 350)
368
(640, 480, 357, 348)
369
(640, 480, 368, 350)
370
(640, 480, 368, 350)
371
(640, 480, 368, 352)
372
(640, 480, 367, 369)
373
(640, 480, 391, 368)
374
(640, 480, 391, 369)
375
(640, 480, 393, 369)
376
(640, 480, 406, 370)
377
(640, 480, 416, 369)
378
(640, 480, 417, 372)
379
(640, 480, 418, 372)
380
(640, 480, 432, 372)
381
(640, 480, 442, 369)
382
(640, 480, 442, 369)
383
(640, 480, 442, 369)
384
(640, 480, 456, 364)
385
(640, 480, 464, 353)
386
(640, 480, 467, 350)
387
(640, 480, 466, 350)
388
(640, 480, 466, 333)
389
(640, 480, 465, 332)
390
(640, 480, 466, 326)
391
(640, 480, 466, 313)
392
(640, 480, 466, 313)
393
(640, 480, 466, 296)
394
(640, 480, 465, 295)
395
(640, 480, 466, 287)
396
(640, 480, 466, 277)
397
(640, 480, 466, 276)
398
(640, 480, 466, 259)
399
(640, 480, 465, 258)
400
(640, 480, 466, 252)
401
(640, 480, 467, 240)
402
(640, 480, 466, 239)
403
(640, 480, 467, 223)
404
(640, 480, 466, 221)
405
(640, 480, 466, 221)
406
(640, 480, 467, 203)
407
(640, 480, 467, 203)
408
(640, 480, 465, 203)
409
(640, 480, 467, 184)
410
(640, 480, 467, 184)
411
(640, 480, 467, 169)
412
(640, 480, 467, 166)
413
(640, 480, 466, 165)
414
(640, 480, 466, 149)
415
(640, 480, 466, 147)
416
(640, 480, 466, 147)
417
(640, 480, 462, 135)
418
(640, 480, 442, 129)
419
(640, 480, 442, 129)
420
(640, 480, 441, 128)
421
(640, 480, 441, 122)
422
(640, 480, 435, 113)
423
(640, 480, 418, 110)
424
(640, 480, 417, 110)
425
(640, 480, 417, 110)
426
(640, 480, 393, 110)
427
(640, 480, 393, 110)
428
(640, 480, 393, 110)
429
(640, 480, 390, 110)
430
(640, 480, 369, 110)
431
(640, 480, 368, 111)
432
(640, 480, 367, 117)
433
(640, 480, 360, 124)
434
(640, 480, 343, 129)
435
(640, 480, 343, 129)
436
(640, 480, 343, 132)
437
(640, 480, 342, 146)
438
(640, 480, 337, 147)
439
(640, 480, 329, 149)
440
(640, 480, 318, 166)
441
(640, 480, 318, 166)
442
(640, 480, 319, 167)
443
(640, 480, 318, 183)
444
(640, 480, 317, 184)
445
(640, 480, 316, 185)
446
(640, 480, 310, 198)
447
(640, 480, 295, 203)
448
(640, 480, 295, 204)
449
(640, 480, 294, 220)
450
(640, 480, 294, 221)
451
(640, 480, 294, 227)
452
(640, 480, 294, 239)
453
(640, 480, 294, 239)
454
(640, 480, 281, 241)
455
(640, 480, 268, 258)
456
(640, 480, 269, 258)
457
(640, 480, 268, 258)
458
(640, 480, 246, 258)
459
(640, 480, 245, 258)
460
(640, 480, 245, 258)
461
(640, 480, 242, 258)
462
(640, 480, 221, 258)
463
(640, 480, 220, 258)
464
(640, 480, 196, 259)
465
(640, 480, 215, 257)
466
(640, 480, 194, 258)
467
(640, 480, 196, 240)
468
(640, 480, 196, 240)
469
(640, 480, 194, 239)
470
(640, 480, 190, 227)
471
(640, 480, 172, 221)
472
(640, 480, 171, 221)
473
(640, 480, 172, 203)
474
(640, 480, 171, 203)
475
(640, 480, 170, 203)
476
(640, 480, 172, 184)
477
(640, 480, 182, 178)
478
(640, 480, 188, 172)
479
(640, 480, 194, 166)
480
(640, 480, 172, 167)
481
(640, 480, 195, 163)
482
(640, 480, 196, 148)
483
(640, 480, 196, 147)
484
(640, 480, 213, 145)
485
(640, 480, 219, 141)
486
(640, 480, 220, 130)
487
(640, 480, 220, 129)
488
(640, 480, 220, 129)
489
(640, 480, 236, 122)
490
(640, 480, 244, 112)
491
(640, 480, 245, 110)
492
(640, 480, 244, 110)
493
(640, 480, 245, 109)
494
(640, 480, 264, 96)
495
(640, 480, 270, 92)
496
(640, 480, 269, 92)
497
(640, 480, 270, 91)
498
(640, 480, 281, 81)
499
(640, 480, 292, 74)
500
(640, 480, 294, 73)
501
(640, 480, 294, 73)
502
(640, 480, 307, 67)
503
(640, 480, 317, 73)
504
(640, 480, 318, 72)
505
(640, 480, 319, 73)
506
(640, 480, 336, 73)
507
(640, 480, 343, 73)
508
(640, 480, 343, 74)
509
(640, 480, 344, 74)
510
(640, 480, 365, 82)
511
(640, 480, 368, 91)
512
(640, 480, 367, 92)
513
(640, 480, 369, 92)
514
(640, 480, 369, 92)
515
(640, 480, 393, 94)
516
(640, 480, 392, 106)
517
(640, 480, 393, 110)
518
(640, 480, 407, 110)
519
(640, 480, 417, 110)
520
(640, 480, 417, 111)
521
(640, 480, 417, 120)
522
(640, 480, 430, 123)
523
(640, 480, 438, 129)
524
(640, 480, 442, 129)
525
(640, 480, 442, 130)
526
(640, 480, 442, 140)
527
(640, 480, 462, 147)
528
(640, 480, 467, 147)
529
(640, 480, 466, 150)
530
(640, 480, 466, 165)
531
(640, 480, 467, 166)
532
(640, 480, 467, 172)
533
(640, 480, 467, 184)
534
(640, 480, 478, 186)
535
(640, 480, 466, 203)
536
(640, 480, 482, 202)
537
(640, 480, 486, 206)
538
(640, 480, 487, 220)
539
(640, 480, 489, 221)
540
(640, 480, 488, 232)
541
(640, 480, 488, 239)
542
(640, 480, 488, 240)
543
(640, 480, 485, 253)
544
(640, 480, 467, 258)
545
(640, 480, 467, 259)
546
(640, 480, 467, 276)
547
(640, 480, 466, 276)
548
(640, 480, 466, 277)
549
(640, 480, 463, 291)
550
(640, 480, 455, 291)
551
(640, 480, 442, 295)
552
(640, 480, 442, 295)
553
(640, 480, 440, 296)
554
(640, 480, 430, 299)
555
(640, 480, 417, 307)
556
(640, 480, 416, 309)
557
(640, 480, 411, 304)
558
(640, 480, 393, 300)
559
(640, 480, 393, 296)
560
(640, 480, 392, 295)
561
(640, 480, 369, 295)
562
(640, 480, 368, 295)
563
(640, 480, 368, 294)
564
(640, 480, 368, 281)
565
(640, 480, 344, 277)
566
(640, 480, 344, 276)
567
(640, 480, 343, 276)
568
(640, 480, 343, 269)
569
(640, 480, 342, 258)
570
(640, 480, 335, 258)
571
(640, 480, 319, 258)
572
(640, 480, 318, 257)
573
(640, 480, 319, 243)
574
(640, 480, 316, 240)
575
(640, 480, 295, 240)
576
(640, 480, 294, 240)
577
(640, 480, 294, 240)
578
(640, 480, 270, 240)
579
(640, 480, 270, 240)
580
(640, 480, 270, 240)
581
(640, 480, 269, 246)
582
(640, 480, 262, 253)
583
(640, 480, 245, 258)
584
(640, 480, 245, 258)
585
(640, 480, 245, 262)
586
(640, 480, 220, 277)
587
(640, 480, 235, 273)
588
(640, 480, 221, 276)
589
(640, 480, 220, 280)
590
(640, 480, 220, 294)
591
(640, 480, 216, 294)
592
(640, 480, 196, 295)
593
(640, 480, 196, 297)
594
(640, 480, 195, 313)
595
(640, 480, 194, 313)
596
(640, 480, 194, 314)
597
(640, 480, 187, 324)
598
(640, 480, 171, 332)
599
(640, 480, 171, 332)
600
(640, 480, 171, 349)
601
(640, 480, 171, 350)
602
(640, 480, 169, 369)
603
(640, 480, 170, 369)
604
(640, 480, 171, 369)
605
(640, 480, 171, 385)
606
(640, 480, 171, 387)
607
(640, 480, 169, 406)
608
(640, 480, 170, 406)
609
(640, 480, 171, 406)
610
(640, 480, 171, 420)
611
(640, 480, 170, 424)
612
(640, 480, 172, 424)
613
(640, 480, 171, 443)
614
(640, 480, 191, 442)
615
(640, 480, 196, 443)
616
(640, 480, 196, 444)
617
(640, 480, 196, 456)
618
(640, 480, 214, 455)
619
(640, 480, 220, 460)
620
(640, 480, 220, 460)
621
(640, 480, 231, 451)
622
(640, 480, 244, 449)
623
(640, 480, 245, 443)
624
(640, 480, 244, 443)
625
(640, 480, 245, 443)
626
(640, 480, 246, 425)
627
(640, 480, 264, 424)
628
(640, 480, 244, 424)
629
(640, 480, 268, 406)
630
(640, 480, 266, 404)
631
(640, 480, 264, 390)
632
(640, 480, 260, 387)
633
(640, 480, 245, 387)
634
(640, 480, 246, 369)
635
(640, 480, 245, 369)
636
(640, 480, 244, 369)
637
(640, 480, 246, 350)
638
(640, 480, 245, 350)
639
(640, 480, 246, 332)
640
(640, 480, 245, 332)
641
(640, 480, 244, 332)
642
(640, 480, 246, 314)
643
(640, 480, 265, 313)
644
(640, 480, 269, 311)
645
(640, 480, 270, 296)
646
(640, 480, 270, 295)
647
(640, 480, 270, 295)
648
(640, 480, 270, 295)
649
(640, 480, 294, 285)
650
(640, 480, 294, 279)
651
(640, 480, 295, 277)
652
(640, 480, 317, 276)
653
(640, 480, 319, 276)
654
(640, 480, 319, 276)
655
(640, 480, 334, 275)
656
(640, 480, 319, 277)
657
(640, 480, 343, 276)
658
(640, 480, 343, 276)
659
(640, 480, 364, 264)
660
(640, 480, 368, 260)
661
(640, 480, 368, 258)
662
(640, 480, 369, 258)
663
(640, 480, 369, 258)
664
(640, 480, 392, 258)
665
(640, 480, 393, 258)
666
(640, 480, 392, 258)
667
(640, 480, 416, 247)
668
(640, 480, 417, 243)
669
(640, 480, 418, 240)
670
(640, 480, 418, 240)
671
(640, 480, 442, 240)
672
(640, 480, 442, 240)
673
(640, 480, 442, 240)
674
(640, 480, 464, 240)
675
(640, 480, 466, 240)
676
(640, 480, 467, 240)
677
(640, 480, 467, 240)
678
(640, 480, 490, 240)
679
(640, 480, 491, 246)
680
(640, 480, 489, 258)
681
(640, 480, 510, 254)
682
(640, 480, 514, 257)
683
(640, 480, 514, 258)
684
(640, 480, 516, 258)
685
(640, 480, 538, 258)
686
(640, 480, 540, 259)
687
(640, 480, 540, 270)
688
(640, 480, 551, 272)
689
(640, 480, 557, 276)
690
(640, 480, 565, 277)
691
(640, 480, 564, 292)
692
(640, 480, 563, 295)
693
(640, 480, 565, 295)
694
(640, 480, 565, 312)
695
(640, 480, 565, 313)
696
(640, 480, 565, 314)
697
(640, 480, 565, 331)
698
(640, 480, 565, 332)
699
(640, 480, 565, 333)
700
(640, 480, 564, 350)
701
(640, 480, 565, 350)
702
(640, 480, 565, 352)
703
(640, 480, 564, 368)
704
(640, 480, 565, 369)
705
(640, 480, 562, 370)
706
(640, 480, 557, 385)
707
(640, 480, 541, 387)
708
(640, 480, 541, 392)
709
(640, 480, 540, 405)
710
(640, 480, 540, 406)
711
(640, 480, 540, 410)
712
(640, 480, 516, 424)
713
(640, 480, 525, 415)
714
(640, 480, 514, 424)
715
(640, 480, 513, 424)
716
(640, 480, 504, 423)
717
(640, 480, 490, 424)
718
(640, 480, 490, 424)
719
(640, 480, 486, 421)
720
(640, 480, 465, 424)
721
(640, 480, 466, 411)
722
(640, 480, 466, 406)
723
(640, 480, 443, 406)
724
(640, 480, 442, 406)
725
(640, 480, 442, 406)
726
(640, 480, 439, 405)
727
(640, 480, 428, 400)
728
(640, 480, 417, 405)
729
(640, 480, 416, 403)
730
(640, 480, 392, 406)
731
(640, 480, 393, 395)
732
(640, 480, 392, 393)
733
(640, 480, 388, 390)
734
(640, 480, 369, 388)
735
(640, 480, 368, 389)
736
(640, 480, 367, 387)
737
(640, 480, 356, 388)
738
(640, 480, 344, 387)
739
(640, 480, 343, 387)
740
(640, 480, 336, 387)
741
(640, 480, 319, 387)
742
(640, 480, 319, 385)
743
(640, 480, 318, 371)
744
(640, 480, 295, 369)
745
(640, 480, 294, 369)
746
(640, 480, 294, 367)
747
(640, 480, 294, 351)
748
(640, 480, 294, 350)
749
(640, 480, 270, 350)
750
(640, 480, 286, 338)
751
(640, 480, 270, 332)
752
(640, 480, 269, 332)
753
(640, 480, 269, 329)
754
(640, 480, 270, 313)
755
(640, 480, 269, 313)
756
(640, 480, 265, 311)
757
(640, 480, 246, 296)
758
(640, 480, 245, 295)
759
(640, 480, 244, 295)
760
(640, 480, 245, 285)
761
(640, 480, 245, 277)
762
(640, 480, 240, 276)
763
(640, 480, 220, 276)
764
(640, 480, 221, 259)
765
(640, 480, 221, 258)
766
(640, 480, 220, 258)
767
(640, 480, 220, 244)
768
(640, 480, 219, 240)
769
(640, 480, 210, 238)
770
(640, 480, 194, 240)
771
(640, 480, 196, 221)
772
(640, 480, 195, 221)
773
(640, 480, 195, 218)
774
(640, 480, 194, 203)
775
(640, 480, 183, 202)
776
(640, 480, 172, 202)
777
(640, 480, 171, 187)
778
(640, 480, 171, 184)
779
(640, 480, 170, 184)
780
(640, 480, 168, 176)
781
(640, 480, 147, 166)
782
(640, 480, 147, 166)
783
(640, 480, 147, 163)
784
(640, 480, 146, 148)
785
(640, 480, 145, 147)
786
(640, 480, 146, 146)
787
(640, 480, 146, 129)
788
(640, 480, 144, 129)
789
(640, 480, 146, 127)
790
(640, 480, 147, 110)
791
(640, 480, 123, 115)
792
(640, 480, 146, 109)
793
(640, 480, 146, 93)
794
(640, 480, 147, 92)
795
(640, 480, 157, 86)
796
(640, 480, 167, 85)
797
(640, 480, 171, 75)
798
(640, 480, 171, 74)
799
(640, 480, 172, 73)
800
(640, 480, 172, 73)
801
(640, 480, 196, 73)
802
(640, 480, 196, 73)
803
(640, 480, 196, 73)
804
(640, 480, 219, 73)
805
(640, 480, 220, 74)
806
(640, 480, 220, 81)
807
(640, 480, 221, 90)
808
(640, 480, 240, 91)
809
(640, 480, 245, 92)
810
(640, 480, 245, 93)
811
(640, 480, 243, 110)
812
(640, 480, 259, 106)
813
(640, 480, 269, 110)
814
(640, 480, 270, 110)
815
(640, 480, 270, 116)
816
(640, 480, 270, 127)
817
(640, 480, 289, 129)
818
(640, 480, 294, 129)
819
(640, 480, 294, 131)
820
(640, 480, 293, 147)
821
(640, 480, 308, 144)
822
(640, 480, 318, 147)
823
(640, 480, 319, 147)
824
(640, 480, 319, 155)
825
(640, 480, 319, 165)
826
(640, 480, 336, 165)
827
(640, 480, 344, 166)
828
(640, 480, 343, 169)
829
(640, 480, 343, 184)
830
(640, 480, 357, 183)
831
(640, 480, 368, 184)
832
(640, 480, 368, 185)
833
(640, 480, 365, 203)
834
(640, 480, 368, 202)
835
(640, 480, 385, 202)
836
(640, 480, 393, 203)
837
(640, 480, 392, 211)
838
(640, 480, 393, 221)
839
(640, 480, 406, 220)
840
(640, 480, 417, 221)
841
(640, 480, 417, 223)
842
(640, 480, 417, 238)
843
(640, 480, 417, 239)
844
(640, 480, 440, 240)
845
(640, 480, 442, 240)
846
(640, 480, 441, 250)
847
(640, 480, 442, 258)
848
(640, 480, 453, 257)
849
(640, 480, 465, 258)
850
(640, 480, 466, 268)
851
(640, 480, 465, 276)
852
(640, 480, 467, 276)
853
(640, 480, 467, 282)
854
(640, 480, 476, 287)
855
(640, 480, 480, 296)
856
(640, 480, 466, 313)
857
(640, 480, 482, 312)
858
(640, 480, 467, 314)
859
(640, 480, 466, 332)
860
(640, 480, 477, 329)
861
(640, 480, 467, 332)
862
(640, 480, 466, 350)
863
(640, 480, 466, 350)
864
(640, 480, 467, 351)
865
(640, 480, 466, 368)
866
(640, 480, 467, 369)
867
(640, 480, 467, 369)
868
(640, 480, 442, 387)
869
(640, 480, 459, 387)
870
(640, 480, 442, 387)
871
(640, 480, 442, 400)
872
(640, 480, 441, 405)
873
(640, 480, 437, 405)
874
(640, 480, 428, 401)
875
(640, 480, 416, 406)
876
(640, 480, 393, 406)
877
(640, 480, 408, 404)
878
(640, 480, 392, 406)
879
(640, 480, 393, 394)
880
(640, 480, 393, 387)
881
(640, 480, 369, 387)
882
(640, 480, 368, 387)
883
(640, 480, 368, 380)
884
(640, 480, 368, 369)
885
(640, 480, 365, 369)
886
(640, 480, 360, 365)
887
(640, 480, 344, 351)
888
(640, 480, 344, 350)
889
(640, 480, 343, 350)
890
(640, 480, 344, 333)
891
(640, 480, 343, 332)
892
(640, 480, 339, 330)
893
(640, 480, 319, 315)
894
(640, 480, 319, 313)
895
(640, 480, 319, 312)
896
(640, 480, 319, 295)
897
(640, 480, 318, 295)
898
(640, 480, 318, 292)
899
(640, 480, 319, 277)
900
(640, 480, 318, 276)
901
(640, 480, 317, 276)
902
(640, 480, 319, 258)
903
(640, 480, 318, 258)
904
(640, 480, 319, 241)
905
(640, 480, 319, 240)
906
(640, 480, 319, 239)
907
(640, 480, 319, 221)
908
(640, 480, 318, 221)
909
(640, 480, 317, 221)
910
(640, 480, 319, 203)
911
(640, 480, 318, 203)
912
(640, 480, 319, 191)
913
(640, 480, 319, 184)
914
(640, 480, 295, 185)
915
(640, 480, 317, 171)
916
(640, 480, 295, 166)
917
(640, 480, 307, 162)
918
(640, 480, 295, 154)
919
(640, 480, 295, 147)
920
(640, 480, 293, 147)
921
(640, 480, 292, 147)
922
(640, 480, 294, 130)
923
(640, 480, 270, 129)
924
(640, 480, 270, 129)
925
(640, 480, 269, 127)
926
(640, 480, 269, 115)
927
(640, 480, 266, 111)
928
(640, 480, 256, 112)
929
(640, 480, 245, 110)
930
(640, 480, 244, 110)
931
(640, 480, 237, 110)
932
(640, 480, 220, 110)
933
(640, 480, 220, 110)
934
(640, 480, 196, 111)
935
(640, 480, 196, 110)
936
(640, 480, 196, 111)
937
(640, 480, 195, 119)
938
(640, 480, 192, 125)
939
(640, 480, 184, 125)
940
(640, 480, 171, 129)
941
(640, 480, 171, 138)
942
(640, 480, 170, 147)
943
(640, 480, 171, 147)
944
(640, 480, 160, 152)
945
(640, 480, 156, 158)
946
(640, 480, 147, 166)
947
(640, 480, 147, 172)
948
(640, 480, 146, 184)
949
(640, 480, 147, 185)
950
(640, 480, 146, 201)
951
(640, 480, 146, 203)
952
(640, 480, 146, 208)
953
(640, 480, 146, 221)
954
(640, 480, 147, 221)
955
(640, 480, 146, 234)
956
(640, 480, 145, 239)
957
(640, 480, 146, 240)
958
(640, 480, 146, 256)
959
(640, 480, 146, 258)
960
(640, 480, 146, 260)
961
(640, 480, 146, 276)
962
(640, 480, 146, 276)
963
(640, 480, 146, 280)
964
(640, 480, 147, 294)
965
(640, 480, 147, 295)
966
(640, 480, 166, 297)
967
(640, 480, 170, 311)
968
(640, 480, 170, 313)
969
(640, 480, 171, 313)
970
(640, 480, 172, 314)
971
(640, 480, 191, 324)
972
(640, 480, 195, 331)
973
(640, 480, 193, 332)
974
(640, 480, 196, 332)
975
(640, 480, 213, 335)
976
(640, 480, 220, 345)
977
(640, 480, 220, 349)
978
(640, 480, 221, 350)
979
(640, 480, 240, 350)
980
(640, 480, 244, 350)
981
(640, 480, 245, 350)
982
(640, 480, 246, 350)
983
(640, 480, 269, 350)
984
(640, 480, 270, 350)
985
(640, 480, 270, 350)
986
(640, 480, 270, 350)
987
(640, 480, 294, 350)
988
(640, 480, 294, 350)
989
(640, 480, 308, 347)
990
(640, 480, 295, 351)
991
(640, 480, 319, 348)
992
(640, 480, 319, 337)
993
(640, 480, 319, 333)
994
(640, 480, 343, 332)
995
(640, 480, 344, 332)
996
(640, 480, 343, 332)
997
(640, 480, 364, 331)
998
(640, 480, 368, 331)
999
(640, 480, 366, 332)
1000
(640, 480, 378, 318)
1001
(640, 480, 390, 314)
1002
(640, 480, 393, 313)
1003
(640, 480, 393, 313)
1004
(640, 480, 393, 313)
1005
(640, 480, 414, 313)
1006
(640, 480, 417, 313)
1007
(640, 480, 417, 312)
1008
(640, 480, 416, 313)
1009
(640, 480, 440, 297)
1010
(640, 480, 442, 295)
1011
(640, 480, 442, 295)
1012
(640, 480, 442, 295)
1013
(640, 480, 464, 295)
1014
(640, 480, 466, 294)
1015
(640, 480, 467, 279)
1016
(640, 480, 467, 276)
1017
(640, 480, 483, 275)
1018
(640, 480, 489, 264)
1019
(640, 480, 491, 258)
1020
(640, 480, 490, 258)
1021
(640, 480, 491, 246)
1022
(640, 480, 491, 240)
1023
(640, 480, 490, 239)
1024
(640, 480, 491, 222)
1025
(640, 480, 489, 221)
1026
(640, 480, 490, 215)
1027
(640, 480, 491, 203)
1028
(640, 480, 490, 202)
1029
(640, 480, 491, 188)
1030
(640, 480, 491, 184)
1031
(640, 480, 491, 183)
1032
(640, 480, 492, 166)
1033
(640, 480, 491, 166)
1034
(640, 480, 490, 166)
1035
(640, 480, 492, 147)
1036
(640, 480, 501, 142)
1037
(640, 480, 490, 147)
1038
(640, 480, 492, 129)
1039
(640, 480, 505, 127)
1040
(640, 480, 490, 129)
1041
(640, 480, 492, 111)
1042
(640, 480, 505, 108)
1043
(640, 480, 490, 110)
1044
(640, 480, 492, 92)
1045
(640, 480, 491, 92)
1046
(640, 480, 491, 83)
1047
(640, 480, 491, 74)
1048
(640, 480, 490, 73)
1049
(640, 480, 488, 67)
1050
(640, 480, 467, 55)
1051
(640, 480, 467, 55)
1052
(640, 480, 464, 55)
1053
(640, 480, 462, 54)
1054
(640, 480, 452, 47)
1055
(640, 480, 441, 55)
1056
(640, 480, 440, 55)
1057
(640, 480, 418, 55)
1058
(640, 480, 418, 55)
1059
(640, 480, 417, 60)
1060
(640, 480, 416, 72)
1061
(640, 480, 413, 73)
1062
(640, 480, 393, 74)
1063
(640, 480, 392, 92)
1064
(640, 480, 393, 92)
1065
(640, 480, 393, 93)
1066
(640, 480, 392, 109)
1067
(640, 480, 393, 110)
1068
(640, 480, 392, 111)
1069
(640, 480, 389, 126)
1070
(640, 480, 369, 129)
1071
(640, 480, 369, 132)
1072
(640, 480, 368, 147)
1073
(640, 480, 368, 147)
1074
(640, 480, 368, 158)
1075
(640, 480, 367, 166)
1076
(640, 480, 367, 166)
1077
(640, 480, 343, 184)
1078
(640, 480, 344, 184)
1079
(640, 480, 344, 184)
1080
(640, 480, 343, 187)
1081
(640, 480, 341, 197)
1082
(640, 480, 331, 195)
1083
(640, 480, 318, 202)
1084
(640, 480, 319, 203)
1085
(640, 480, 317, 203)
1086
(640, 480, 295, 203)
1087
(640, 480, 294, 207)
1088
(640, 480, 294, 218)
1089
(640, 480, 269, 221)
1090
(640, 480, 279, 209)
1091
(640, 480, 269, 221)
1092
(640, 480, 245, 222)
1093
(640, 480, 262, 219)
1094
(640, 480, 245, 221)
1095
(640, 480, 244, 221)
1096
(640, 480, 242, 221)
1097
(640, 480, 234, 219)
1098
(640, 480, 219, 221)
1099
(640, 480, 220, 221)
1100
(640, 480, 196, 221)
1101
(640, 480, 196, 221)
1102
(640, 480, 194, 221)
1103
(640, 480, 194, 221)
1104
(640, 480, 171, 221)
1105
(640, 480, 171, 211)
1106
(640, 480, 171, 203)
1107
(640, 480, 171, 203)
1108
(640, 480, 163, 200)
1109
(640, 480, 147, 186)
1110
(640, 480, 147, 184)
1111
(640, 480, 146, 183)
1112
(640, 480, 147, 167)
1113
(640, 480, 145, 166)
1114
(640, 480, 146, 163)
1115
(640, 480, 147, 147)
1116
(640, 480, 146, 147)
1117
(640, 480, 146, 147)
1118
(640, 480, 147, 129)
1119
(640, 480, 166, 128)
1120
(640, 480, 170, 126)
1121
(640, 480, 171, 111)
1122
(640, 480, 171, 110)
1123
(640, 480, 171, 110)
1124
(640, 480, 171, 110)
1125
(640, 480, 195, 98)
1126
(640, 480, 196, 95)
1127
(640, 480, 196, 92)
1128
(640, 480, 215, 92)
1129
(640, 480, 220, 92)
1130
(640, 480, 220, 92)
1131
(640, 480, 221, 92)
1132
(640, 480, 244, 92)
1133
(640, 480, 245, 94)
1134
(640, 480, 245, 93)
1135
(640, 480, 265, 95)
1136
(640, 480, 269, 99)
1137
(640, 480, 270, 103)
1138
(640, 480, 269, 110)
1139
(640, 480, 293, 107)
1140
(640, 480, 294, 108)
1141
(640, 480, 304, 100)
1142
(640, 480, 294, 111)
1143
(640, 480, 318, 110)
1144
(640, 480, 319, 110)
1145
(640, 480, 337, 109)
1146
(640, 480, 342, 110)
1147
(640, 480, 343, 110)
1148
(640, 480, 356, 108)
1149
(640, 480, 365, 110)
1150
(640, 480, 365, 110)
1151
(640, 480, 369, 110)
1152
(640, 480, 390, 110)
1153
(640, 480, 393, 110)
1154
(640, 480, 393, 112)
1155
(640, 480, 392, 129)
1156
(640, 480, 415, 128)
1157
(640, 480, 417, 129)
1158
(640, 480, 417, 129)
1159
(640, 480, 416, 147)
1160
(640, 480, 435, 147)
1161
(640, 480, 442, 147)
1162
(640, 480, 441, 161)
1163
(640, 480, 440, 166)
1164
(640, 480, 442, 166)
1165
(640, 480, 458, 178)
1166
(640, 480, 465, 184)
1167
(640, 480, 466, 185)
1168
(640, 480, 466, 201)
1169
(640, 480, 467, 203)
1170
(640, 480, 467, 204)
1171
(640, 480, 466, 221)
1172
(640, 480, 482, 221)
1173
(640, 480, 490, 229)
1174
(640, 480, 490, 239)
1175
(640, 480, 491, 240)
1176
(640, 480, 491, 257)
1177
(640, 480, 491, 258)
1178
(640, 480, 489, 276)
1179
(640, 480, 489, 276)
1180
(640, 480, 491, 278)
1181
(640, 480, 490, 295)
1182
(640, 480, 491, 295)
1183
(640, 480, 491, 312)
1184
(640, 480, 491, 313)
1185
(640, 480, 489, 332)
1186
(640, 480, 489, 332)
1187
(640, 480, 486, 333)
1188
(640, 480, 477, 343)
1189
(640, 480, 467, 350)
1190
(640, 480, 466, 362)
1191
(640, 480, 442, 369)
1192
(640, 480, 443, 369)
1193
(640, 480, 442, 370)
1194
(640, 480, 441, 386)
1195
(640, 480, 436, 385)
1196
(640, 480, 417, 387)
1197
(640, 480, 415, 387)
1198
(640, 480, 410, 387)
1199
(640, 480, 393, 387)
1200
(640, 480, 392, 386)
1201
(640, 480, 368, 387)
1202
(640, 480, 368, 369)
1203
(640, 480, 368, 369)
1204
(640, 480, 361, 368)
1205
(640, 480, 343, 369)
1206
(640, 480, 343, 351)
1207
(640, 480, 343, 350)
1208
(640, 480, 319, 350)
1209
(640, 480, 319, 332)
1210
(640, 480, 317, 332)
1211
(640, 480, 319, 327)
1212
(640, 480, 318, 313)
1213
(640, 480, 309, 311)
1214
(640, 480, 295, 296)
1215
(640, 480, 293, 295)
1216
(640, 480, 294, 291)
1217
(640, 480, 294, 276)
1218
(640, 480, 291, 276)
1219
(640, 480, 270, 260)
1220
(640, 480, 270, 258)
1221
(640, 480, 269, 256)
1222
(640, 480, 270, 240)
1223
(640, 480, 268, 239)
1224
(640, 480, 264, 229)
1225
(640, 480, 246, 221)
1226
(640, 480, 245, 220)
1227
(640, 480, 245, 204)
1228
(640, 480, 245, 203)
1229
(640, 480, 241, 201)
1230
(640, 480, 221, 185)
1231
(640, 480, 221, 184)
1232
(640, 480, 219, 184)
1233
(640, 480, 213, 180)
1234
(640, 480, 196, 177)
1235
(640, 480, 195, 171)
1236
(640, 480, 190, 169)
1237
(640, 480, 171, 169)
1238
(640, 480, 170, 175)
1239
(640, 480, 146, 184)
1240
(640, 480, 147, 183)
1241
(640, 480, 145, 184)
1242
(640, 480, 122, 184)
1243
(640, 480, 122, 185)
1244
(640, 480, 121, 200)
1245
(640, 480, 120, 203)
1246
(640, 480, 121, 203)
1247
(640, 480, 114, 213)
1248
(640, 480, 97, 221)
1249
(640, 480, 98, 222)
1250
(640, 480, 97, 238)
1251
(640, 480, 97, 240)
1252
(640, 480, 97, 250)
1253
(640, 480, 96, 258)
1254
(640, 480, 97, 260)
1255
(640, 480, 97, 276)
1256
(640, 480, 98, 276)
1257
(640, 480, 96, 295)
1258
(640, 480, 115, 295)
1259
(640, 480, 122, 295)
1260
(640, 480, 121, 309)
1261
(640, 480, 121, 313)
1262
(640, 480, 122, 313)
1263
(640, 480, 146, 314)
1264
(640, 480, 146, 324)
1265
(640, 480, 147, 330)
1266
(640, 480, 167, 329)
1267
(640, 480, 170, 331)
1268
(640, 480, 171, 332)
1269
(640, 480, 188, 329)
1270
(640, 480, 195, 331)
1271
(640, 480, 196, 329)
1272
(640, 480, 207, 318)
1273
(640, 480, 220, 313)
1274
(640, 480, 220, 313)
1275
(640, 480, 220, 313)
1276
(640, 480, 232, 301)
1277
(640, 480, 243, 295)
1278
(640, 480, 245, 295)
1279
(640, 480, 245, 284)
1280
(640, 480, 245, 276)
1281
(640, 480, 244, 276)
1282
(640, 480, 246, 258)
1283
(640, 480, 245, 258)
1284
(640, 480, 246, 240)
1285
(640, 480, 245, 239)
1286
(640, 480, 244, 240)
1287
(640, 480, 245, 221)
1288
(640, 480, 244, 221)
1289
(640, 480, 245, 205)
1290
(640, 480, 245, 203)
1291
(640, 480, 237, 201)
1292
(640, 480, 221, 190)
1293
(640, 480, 220, 184)
1294
(640, 480, 220, 184)
1295
(640, 480, 214, 183)
1296
(640, 480, 195, 184)
1297
(640, 480, 195, 179)
1298
(640, 480, 194, 172)
1299
(640, 480, 185, 171)
1300
(640, 480, 171, 176)
1301
(640, 480, 170, 179)
1302
(640, 480, 146, 184)
1303
(640, 480, 147, 184)
1304
(640, 480, 145, 184)
1305
(640, 480, 145, 184)
1306
(640, 480, 122, 186)
1307
(640, 480, 122, 199)
1308
(640, 480, 120, 202)
1309
(640, 480, 122, 203)
1310
(640, 480, 119, 208)
1311
(640, 480, 113, 219)
1312
(640, 480, 98, 221)
1313
(640, 480, 98, 236)
1314
(640, 480, 97, 239)
1315
(640, 480, 98, 240)
1316
(640, 480, 97, 257)
1317
(640, 480, 98, 258)
1318
(640, 480, 96, 276)
1319
(640, 480, 97, 276)
1320
(640, 480, 98, 277)
1321
(640, 480, 115, 292)
1322
(640, 480, 120, 295)
1323
(640, 480, 121, 300)
1324
(640, 480, 121, 313)
1325
(640, 480, 122, 314)
1326
(640, 480, 121, 326)
1327
(640, 480, 121, 332)
1328
(640, 480, 122, 332)
1329
(640, 480, 134, 343)
1330
(640, 480, 122, 350)
1331
(640, 480, 144, 358)
1332
(640, 480, 122, 369)
1333
(640, 480, 146, 369)
1334
(640, 480, 146, 386)
1335
(640, 480, 147, 387)
1336
(640, 480, 146, 400)
1337
(640, 480, 122, 406)
1338
(640, 480, 122, 410)
1339
(640, 480, 131, 415)
1340
(640, 480, 120, 424)
1341
(640, 480, 122, 426)
1342
(640, 480, 120, 438)
1343
(640, 480, 113, 439)
1344
(640, 480, 98, 443)
1345
(640, 480, 97, 444)
1346
(640, 480, 94, 447)
1347
(640, 480, 85, 448)
1348
(640, 480, 72, 459)
1349
(640, 480, 69, 454)
1350
(640, 480, 61, 447)
1351
(640, 480, 48, 445)
1352
(640, 480, 47, 443)
1353
(640, 480, 24, 441)
1354
(640, 480, 21, 437)
1355
(640, 480, 20, 430)
1356
(640, 480, 18, 421)
1357
(640, 480, 19, 416)
1358
(640, 480, 19, 416)
1359
(640, 480, 17, 396)
1360
(640, 480, 17, 396)
1361
(640, 480, 18, 380)
1362
(640, 480, 20, 374)
1363
(640, 480, 19, 365)
1364
(640, 480, 20, 359)
1365
(640, 480, 19, 349)
1366
(640, 480, 37, 344)
1367
(640, 480, 47, 337)
1368
(640, 480, 48, 333)
1369
(640, 480, 49, 332)
1370
(640, 480, 49, 332)
1371
(640, 480, 72, 332)
1372
(640, 480, 73, 332)
1373
(640, 480, 93, 336)
1374
(640, 480, 96, 349)
1375
(640, 480, 96, 350)
1376
(640, 480, 98, 350)
1377
(640, 480, 121, 351)
1378
(640, 480, 121, 363)
1379
(640, 480, 122, 368)
1380
(640, 480, 140, 368)
1381
(640, 480, 146, 369)
1382
(640, 480, 147, 370)
1383
(640, 480, 146, 387)
1384
(640, 480, 169, 387)
1385
(640, 480, 172, 387)
1386
(640, 480, 195, 404)
1387
(640, 480, 214, 406)
1388
(640, 480, 221, 407)
1389
(640, 480, 244, 422)
1390
(640, 480, 263, 423)
1391
(640, 480, 269, 424)
1392
(640, 480, 292, 424)
1393
(640, 480, 295, 424)
1394
(640, 480, 318, 424)
1395
(640, 480, 344, 406)
1396
(640, 480, 344, 406)
1397
(640, 480, 369, 387)
1398
(640, 480, 392, 371)
1399
(640, 480, 393, 367)
1400
(640, 480, 393, 351)
1401
(640, 480, 417, 341)
1402
(640, 480, 418, 332)
1403
(640, 480, 440, 329)
1404
(640, 480, 442, 315)
1405
(640, 480, 442, 313)
1406
(640, 480, 442, 313)
1407
(640, 480, 453, 306)
1408
(640, 480, 454, 304)
1409
(640, 480, 455, 304)
1410
(640, 480, 453, 305)
1411
(640, 480, 451, 305)
1412
(640, 480, 442, 313)
1413
(640, 480, 442, 313)
1414
(640, 480, 442, 313)
1415
(640, 480, 442, 313)
1416
(640, 480, 451, 305)
1417
(640, 480, 451, 304)
1418
(640, 480, 451, 304)
1419
(640, 480, 451, 304)
1420
(640, 480, 452, 304)
1421
(640, 480, 441, 313)
1422
(640, 480, 441, 313)
1423
(640, 480, 441, 313)
1424
(640, 480, 442, 301)
1425
(640, 480, 442, 296)
1426
(640, 480, 442, 295)
1427
(640, 480, 442, 295)
1428
(640, 480, 442, 295)
1429
(640, 480, 441, 295)
1430
(640, 480, 441, 295)
1431
(640, 480, 441, 295)
1432
(640, 480, 441, 294)
1433
(640, 480, 441, 293)
1434
(640, 480, 441, 292)
1435
(640, 480, 441, 292)
1436
(640, 480, 441, 290)
1437
(640, 480, 441, 289)
1438
(640, 480, 440, 288)
1439
(640, 480, 439, 286)
1440
(640, 480, 436, 286)
1441
(640, 480, 435, 285)
1442
(640, 480, 433, 284)
1443
(640, 480, 430, 283)
1444
(640, 480, 416, 295)
1445
(640, 480, 416, 295)
1446
(640, 480, 415, 295)
1447
(640, 480, 417, 293)
1448
(640, 480, 416, 294)
1449
(640, 480, 416, 294)
1450
(640, 480, 417, 295)
1451
(640, 480, 416, 295)
1452
(640, 480, 415, 295)
1453
(640, 480, 417, 295)
1454
(640, 480, 416, 295)
1455
(640, 480, 415, 295)
1456
(640, 480, 413, 300)
1457
(640, 480, 412, 309)
1458
(640, 480, 413, 312)
1459
(640, 480, 413, 313)
1460
(640, 480, 412, 313)
1461
(640, 480, 417, 313)
1462
(640, 480, 417, 314)
1463
(640, 480, 417, 315)
1464
(640, 480, 417, 324)
1465
(640, 480, 417, 329)
1466
(640, 480, 417, 331)
1467
(640, 480, 416, 332)
1468
(640, 480, 418, 332)
1469
(640, 480, 418, 332)
1470
(640, 480, 418, 332)
1471
(640, 480, 436, 335)
1472
(640, 480, 436, 335)
1473
(640, 480, 436, 335)
1474
(640, 480, 436, 335)
1475
(640, 480, 436, 335)
1476
(640, 480, 436, 335)
1477
(640, 480, 436, 335)
1478
(640, 480, 437, 335)
1479
(640, 480, 438, 335)
1480
(640, 480, 439, 335)
1481
(640, 480, 440, 335)
1482
(640, 480, 441, 335)
1483
(640, 480, 442, 335)
1484
(640, 480, 442, 335)
1485
(640, 480, 442, 335)
1486
(640, 480, 442, 334)
1487
(640, 480, 442, 332)
1488
(640, 480, 442, 332)
1489
(640, 480, 442, 332)
1490
(640, 480, 442, 332)
1491
(640, 480, 442, 332)
1492
(640, 480, 442, 332)
1493
(640, 480, 456, 331)
1494
(640, 480, 458, 331)
1495
(640, 480, 460, 331)
1496
(640, 480, 461, 329)
1497
(640, 480, 442, 332)
1498
(640, 480, 463, 327)
1499
(640, 480, 465, 323)
1500
(640, 480, 466, 317)
1501
(640, 480, 466, 314)
1502
(640, 480, 467, 314)
1503
(640, 480, 467, 313)
1504
(640, 480, 467, 313)
1505
(640, 480, 467, 313)
1506
(640, 480, 466, 313)
1507
(640, 480, 466, 313)
1508
(640, 480, 466, 310)
1509
(640, 480, 466, 297)
1510
(640, 480, 466, 295)
1511
(640, 480, 465, 295)
1512
(640, 480, 459, 295)
1513
(640, 480, 456, 294)
1514
(640, 480, 453, 288)
1515
(640, 480, 441, 295)
1516
(640, 480, 442, 293)
1517
(640, 480, 441, 293)
1518
(640, 480, 441, 293)
1519
(640, 480, 441, 293)
1520
(640, 480, 441, 293)
1521
(640, 480, 417, 295)
1522
(640, 480, 436, 292)
1523
(640, 480, 431, 290)
1524
(640, 480, 417, 295)
1525
(640, 480, 418, 295)
1526
(640, 480, 417, 295)
1527
(640, 480, 417, 303)
1528
(640, 480, 417, 313)
1529
(640, 480, 393, 314)
1530
(640, 480, 416, 313)
1531
(640, 480, 392, 332)
1532
(640, 480, 410, 331)
1533
(640, 480, 393, 333)
1534
(640, 480, 411, 350)
1535
(640, 480, 414, 351)
1536
(640, 480, 416, 369)
1537
(640, 480, 417, 369)
1538
(640, 480, 415, 387)
1539
(640, 480, 417, 403)
1540
(640, 480, 418, 406)
1541
(640, 480, 434, 424)
1542
(640, 480, 441, 442)
1543
(640, 480, 442, 445)
1544
(640, 480, 438, 461)
1545
(640, 480, 440, 465)
1546
(640, 480, 440, 465)
1547
(640, 480, 440, 465)
1548
(640, 480, 440, 465)
1549
(640, 480, 440, 465)
1550
(640, 480, 440, 465)
1551
(640, 480, 440, 465)
1552
(640, 480, 440, 465)
1553
(640, 480, 440, 465)
1554
(640, 480, 440, 465)
1555
(640, 480, 440, 465)
1556
(640, 480, 440, 465)
1557
(640, 480, 440, 465)
1558
(640, 480, 440, 465)
1559
(640, 480, 440, 465)
1560
(640, 480, 440, 465)
1561
(640, 480, 440, 465)
1562
(640, 480, 440, 465)
1563
(640, 480, 440, 465)
1564
(640, 480, 440, 465)
1565
(640, 480, 440, 465)
1566
(640, 480, 440, 465)
1567
(640, 480, 440, 465)
1568
(640, 480, 440, 465)
1569
(640, 480, 440, 465)
1570
(640, 480, 440, 465)
1571
(640, 480, 440, 465)
1572
(640, 480, 440, 465)
1573
(640, 480, 440, 465)
1574
(640, 480, 440, 465)
1575
(640, 480, 440, 465)
1576
(640, 480, 440, 465)
1577
(640, 480, 440, 465)
1578
(640, 480, 440, 465)
1579
(640, 480, 440, 465)
1580
(640, 480, 440, 465)
1581
(640, 480, 440, 465)
1582
(640, 480, 440, 465)
1583
(640, 480, 440, 465)
1584
(640, 480, 440, 465)
1585
(640, 480, 440, 465)
1586
(640, 480, 440, 465)
1587
(640, 480, 440, 465)
1588
(640, 480, 440, 465)
1589
(640, 480, 440, 465)
1590
(640, 480, 440, 465)
1591
(640, 480, 440, 465)
1592
(640, 480, 440, 465)
1593
(640, 480, 440, 465)
1594
(640, 480, 440, 465)
1595
(640, 480, 440, 465)
1596
(640, 480, 440, 465)
1597
(640, 480, 440, 465)
1598
(640, 480, 440, 465)
1599
(640, 480, 440, 465)
1600
(640, 480, 440, 465)
1601
(640, 480, 440, 465)
1602
(640, 480, 440, 465)
1603
(640, 480, 440, 465)
1604
(640, 480, 440, 465)
1605
(640, 480, 440, 465)
1606
(640, 480, 440, 465)
1607
(640, 480, 440, 465)
1608
(640, 480, 440, 465)
1609
(640, 480, 440, 465)
1610
